        31/01/2021
     T     Td  H  Pmer
00  24.0  05.7 31 1008.8
03  20.2  05.8 39 1008.8
06  19.5  06.6 43 1010.5
09  29.0  07.0 25 1011.3
12  34.0  04.1 15 1008.0
15  36.0  07.1 17 1005.5
18  30.5  09.4 27 1006.9
21  25.9  07.7 31 1008.8


         31/01/2022
     T     Td  H  Pmer
00  20.0  02.1 30 1012.6
03  18.0  01.6 33 1012.1
06  16.0  01.8 38 1014.2
09  26.5 -02.9 14 1015.1
12  30.5 -03.3 11 1011.6
15  32.3 -02.9 10 1008.4 
18  25.8  01.5 20 1009.9
21  22.0  00.3 24 1011.9